Doing: take all data as if it belongs to one large dataset, and do classification
Mega classification for:  domain  features
2267 2267 2267 10
Distribution of labels: 
Counter({'B1': 890, 'A2': 875, 'B2': 374, 'A1': 86, 'C1': 42})
RandomForestClassifier(class_weight='balanced', n_estimators=300,
                       random_state=1234)
[0.55066079 0.64757709 0.46255507 0.49339207 0.80176211 0.76651982
 0.71365639 0.55752212 0.53982301 0.61504425]
0.6148512728548594
[[  9  77   0   0   0]
 [ 29 671 172   3   0]
 [  0 226 542 121   1]
 [  0   6 193 172   3]
 [  0   0  10  32   0]]
0.39170584688714793
LinearSVC(class_weight='balanced', random_state=1234)
[0.38325991 0.37885463 0.47136564 0.38325991 0.5154185  0.5814978
 0.5154185  0.52654867 0.52212389 0.62389381]
0.49016412615492566
[[ 14  71   1   0   0]
 [ 28 724  95  22   6]
 [  1 411 259 137  82]
 [  0  90 136 110  38]
 [  0   8  17  13   4]]
0.32679721684308605
LogisticRegression(class_weight='balanced', random_state=1234)
[0.4845815  0.47577093 0.30837004 0.3876652  0.42290749 0.40088106
 0.62114537 0.54867257 0.46902655 0.50884956]
0.46278702584694553
[[ 67  19   0   0   0]
 [221 477 159  12   6]
 [ 19 208 345 218 100]
 [  0   7 115 134 118]
 [  0   0   5  11  26]]
0.38682382697644
