Doing: take all data as if it belongs to one large dataset, and do classification
Mega classification for:  domain  features
2267 2267 2267 13
Distribution of labels: 
Counter({'B1': 890, 'A2': 875, 'B2': 374, 'A1': 86, 'C1': 42})
RandomForestClassifier(class_weight='balanced', n_estimators=300,
                       random_state=1234)
[0.39647577 0.70484581 0.61674009 0.65198238 0.88105727 0.88546256
 0.77092511 0.62831858 0.50884956 0.56637168]
0.661102880979299
[[  9  76   1   0   0]
 [ 29 683 158   5   0]
 [  1 218 526 145   0]
 [  0   6  83 281   4]
 [  0   0   0  42   0]]
0.4354433671209231
LinearSVC(class_weight='balanced', random_state=1234)
[0.43171806 0.70484581 0.34801762 0.14096916 0.44052863 0.45814978
 0.6123348  0.49115044 0.5        0.38938053]
0.451709485010331
[[ 30  51   5   0   0]
 [168 466 237   4   0]
 [ 83 320 465  14   8]
 [ 18  89 204  63   0]
 [  0   8  20  14   0]]
0.29008220863442286
LogisticRegression(class_weight='balanced', random_state=1234)
[0.20264317 0.18061674 0.08370044 0.31277533 0.78854626 0.8061674
 0.62995595 0.61504425 0.48672566 0.6460177 ]
0.47521928969630817
[[ 58  27   1   0   0]
 [254 401 185  34   1]
 [ 76 107 463 194  50]
 [  3   8  57 119 187]
 [  0   0   0   6  36]]
0.3888386563135451
