************DE baseline:****************
RandomForestClassifier(class_weight='balanced', n_estimators=300,
                       random_state=1234)
[0.53398058 0.39805825 0.57281553 0.65048544 0.69902913 0.66019417
 0.59223301 0.47572816 0.61165049 0.49019608]
0.5684370835712926
[[ 31  26   0   0   0]
 [ 48 198  53   7   0]
 [  3  72 166  75  15]
 [  0   9  56 181  47]
 [  0   0   6  27   9]]
0.4833725888343058
LinearSVC(class_weight='balanced', random_state=1234)
[0.59223301 0.30097087 0.38834951 0.59223301 0.29126214 0.5631068
 0.42718447 0.40776699 0.32038835 0.33333333]
0.4216828478964401
[[  6  48   3   0   0]
 [  3 256  46   1   0]
 [  0 180 111  40   0]
 [  0  81 145  58   9]
 [  0  10  20   9   3]]
0.3003557020622152
LogisticRegression(class_weight='balanced', random_state=1234)
[0.54368932 0.47572816 0.49514563 0.6407767  0.66990291 0.60194175
 0.42718447 0.41747573 0.51456311 0.55882353]
0.5345231296402055
[[ 47  10   0   0   0]
 [ 85 165  56   0   0]
 [  3  80 180  55  13]
 [  0   5  49 132 107]
 [  0   0   2  14  26]]
0.49323103491647646
************IT baseline:****************
RandomForestClassifier(class_weight='balanced', n_estimators=300,
                       random_state=1234)
[0.64197531 0.86419753 0.80246914 0.82716049 0.8125     0.75
 0.6125     0.75       0.775      0.575     ]
0.7410802469135802
[[ 12  17   0]
 [ 46 264  71]
 [  1  73 320]]
0.6021270812899565
LinearSVC(class_weight='balanced', random_state=1234)
[0.65432099 0.81481481 0.51851852 0.50617284 0.875      0.8125
 0.5125     0.775      0.7625     0.6       ]
0.6831327160493827
[[  2  27   0]
 [  2 307  72]
 [  0 154 240]]
0.5025526900952727
LogisticRegression(class_weight='balanced', random_state=1234)
[0.71604938 0.71604938 0.67901235 0.71604938 0.6875     0.6625
 0.6875     0.775      0.7875     0.5625    ]
0.698966049382716
[[ 24   5   0]
 [114 228  39]
 [  1  83 310]]
0.5914672076360991
************CZ baseline:****************
RandomForestClassifier(class_weight='balanced', n_estimators=300,
                       random_state=1234)
[0.45454545 0.45454545 0.45454545 0.45454545 0.55813953 0.55813953
 0.51162791 0.62790698 0.62790698 0.72093023]
0.5422832980972515
[[142  37   9]
 [ 48  58  59]
 [  5  41  35]]
0.502443734240892
LinearSVC(class_weight='balanced', random_state=1234)
[0.40909091 0.61363636 0.43181818 0.5        0.58139535 0.44186047
 0.55813953 0.58139535 0.41860465 0.53488372]
0.5070824524312896
[[151  35   2]
 [ 91  48  26]
 [ 26  34  21]]
0.4419277189154009
LogisticRegression(class_weight='balanced', random_state=1234)
[0.63636364 0.63636364 0.72727273 0.59090909 0.62790698 0.58139535
 0.48837209 0.69767442 0.79069767 0.6744186 ]
0.6451374207188161
[[161  25   2]
 [ 42  66  57]
 [  1  27  53]]
0.6123608215874643
*** Train with DE, test with IT baseline******
0.43159203980099503
[[  9  17   3   0   0]
 [ 22 210 130  16   3]
 [  0  37 128 166  63]
 [  0   0   0   0   0]
 [  0   0   0   0   0]]
0.5109252026747145
0.47388059701492535
[[  0  29   0]
 [  0 381   0]
 [  0 394   0]]
0.3047232193463064
0.4689054726368159
[[ 18  11   0   0   0]
 [ 43 221 101  13   3]
 [  0  28 138 141  87]
 [  0   0   0   0   0]
 [  0   0   0   0   0]]
0.5548620620640062
*** Train with DE, test with CZ baseline ******
0.3986175115207373
[[ 0  0  0  0  0]
 [ 8 71 87 20  2]
 [ 1  5 56 77 26]
 [ 0  1 13 46 21]
 [ 0  0  0  0  0]]
0.44142297982099193
0.43317972350230416
[[188   0   0]
 [165   0   0]
 [ 81   0   0]]
0.2618578392875665
0.4078341013824885
[[ 0  0  0  0  0]
 [12 67 96 13  0]
 [ 0  3 68 61 33]
 [ 0  0  7 42 32]
 [ 0  0  0  0  0]]
0.45844976083967126
****Multilingual classification baseline*************
RandomForestClassifier(class_weight='balanced', n_estimators=300,
                       random_state=1234)
[0.49779736 0.47577093 0.4185022  0.44052863 0.55947137 0.53744493
 0.59030837 0.46460177 0.38053097 0.44690265]
0.4811859186776345
[[ 47  39   0   0   0]
 [129 532 179  30   5]
 [  3 221 321 259  86]
 [  0   9 127 182  56]
 [  0   0  16  17   9]]
0.3843062830876195
LinearSVC(class_weight='balanced', random_state=1234)
[0.18502203 0.55066079 0.52422907 0.33920705 0.43171806 0.72246696
 0.51982379 0.57079646 0.38938053 0.42920354]
0.46625082842774157
[[ 29  57   0   0   0]
 [185 623  23  43   1]
 [ 30 323 247 273  17]
 [  4  58 148 157   7]
 [  0   3  20  18   1]]
0.31613149388981
LogisticRegression(class_weight='balanced', random_state=1234)
[0.53303965 0.43171806 0.33920705 0.42731278 0.36123348 0.39207048
 0.6123348  0.55309735 0.46902655 0.5       ]
0.4619040193364781
[[ 75  11   0   0   0]
 [234 497 125  16   3]
 [  7 239 319 192 133]
 [  0   8 101 131 134]
 [  0   0   7  10  25]]
0.3872276524758219
